0102/12/20250000100014044           59158,9902170781      59158,9902/12/2025010       1183,18  0,00          8030708210494         0000000000000000002025251201
0103/12/20250000100014046         1361000,0002170781    1361000,0003/12/2025010      27220,00  0,00          8030707174702         0000000000000000002025251202
0103/12/20250000100014052         8276000,0002170781    8276000,0003/12/2025010     165520,00  0,00          8033715847669         0000000000000000002025251203
0104/12/20250000100014059         1730520,0002170781    1730520,0004/12/2025010      34610,40  0,00          8030708335416         0000000000000000002025251204
0104/12/20250000100014061        35814884,2202170781   35814884,2204/12/2025010     550777,68  0,00          8033715847669         0000000000000000002025251205
0105/12/20250000100014070         2354512,0002170781    2354512,0005/12/2025010      47090,24  0,00          8030598117094         0000000000000000002025251206
0105/12/20250000100014064         1932840,0002170781    1932840,0005/12/2025010      38656,80  0,00          8020177874214         0000000000000000002025251207
0105/12/20250000100014076         2237962,1102170781    2237962,1105/12/2025010      44759,24  0,00          8030699653795         0000000000000000002025251208
0105/12/20250000100014073          820239,4402170781     820239,4405/12/2025010      16404,79  0,00          8030708694173         0000000000000000002025251209
0105/12/20250000100014066         5764840,0002170781    5764840,0005/12/2025010     115296,80  0,00          8030717024393         0000000000000000002025251210
0105/12/20250000100014075         2261906,6402170781    2261906,6405/12/2025010      45238,13  0,00          8030589864642         0000000000000000002025251211
0109/12/20250000100014083          251500,0002170781     251500,0009/12/2025010       5030,00  0,00          8030709276898         0000000000000000002025251212
0109/12/20250000100014080         3783596,4202170781    3783596,4209/12/2025010      75671,93  0,00          8030623456796         0000000000000000002025251213
0109/12/20250000100014085          782165,6002170781     782165,6009/12/2025010      15643,31  0,00          8030707121129         0000000000000000002025251214
0109/12/20250000100014081         7941154,4002170781    7941154,4009/12/2025010     158823,09  0,00          8030708747765         0000000000000000002025251215
0110/12/20250000100014088        25156000,0002170781   25156000,0010/12/2025010     503120,00  0,00          8030630226526         0000000000000000002025251216
0110/12/20250000100014089           26240,0002170781      26240,0010/12/2025010        524,80  0,00          8030682100989         0000000000000000002025251217
0111/12/20250000100014096        57517252,1502170781   57517252,1511/12/2025010    1074673,11  0,00          8030623456796         0000000000000000002025251218
0111/12/20250000100014100          558481,5202170781     558481,5211/12/2025010      11169,63  0,00          8020223090134         0000000000000000002025251219
0111/12/20250000100014095          133312,9202170781     133312,9211/12/2025010       2666,26  0,00          8030519887335         0000000000000000002025251220
0112/12/20250000100014102          568500,0002170781     568500,0012/12/2025010       6340,00  0,00          8030709276898         0000000000000000002025251221
0112/12/20250000100014109         1767000,0002170781    1767000,0012/12/2025010       8120,00  0,00          8030707174702         0000000000000000002025251222
0112/12/20250000100014110         2271000,0002170781    2271000,0012/12/2025010      10080,00  0,00          8030707174702         0000000000000000002025251223
0112/12/20250000100014105          975124,5002170781     975124,5012/12/2025010      19502,49  0,00          8030710138474         0000000000000000002025251224
0112/12/20250000100014103         4778775,6102170781    4778775,6112/12/2025010      60965,11  0,00          8030708335416         0000000000000000002025251225
0112/12/20250000100014107          267221,0802170781     267221,0812/12/2025010       5344,42  0,00          8030707492739         0000000000000000002025251226
0112/12/20250000100014101         4382840,0002170781    4382840,0012/12/2025010      49000,00  0,00          8020177874214         0000000000000000002025251227
0112/12/20250000100014106         1712055,7602170781    1712055,7612/12/2025010      17836,33  0,00          8030708694173         0000000000000000002025251228
0112/12/20250000100014108         3498073,6002170781    3498073,6012/12/2025010      24723,34  0,00          8030589864642         0000000000000000002025251229
0115/12/20250000100014123         8610525,9502170781    8610525,9515/12/2025010     172210,52  0,00          8030718285719         0000000000000000002025251230
0115/12/20250000100014119        29476000,0002170781   29476000,0015/12/2025010      86400,00  0,00          8030630226526         0000000000000000002025251231
0115/12/20250000100014117        18435565,7502170781   18435565,7515/12/2025010     368711,32  0,00          8020924842521         0000000000000000002025251232
0115/12/20250000100014121          363436,3402170781     363436,3415/12/2025010       7268,73  0,00          8030708351586         0000000000000000002025251233
0115/12/20250000100014118         2956315,2402170781    2956315,2415/12/2025010      59126,30  0,00          8030707579583         0000000000000000002025251234
0116/12/20250000100014141          885500,0002170781     885500,0016/12/2025010       6340,00  0,00          8030709276898         0000000000000000002025251235
0116/12/20250000100014144         2775000,0002170781    2775000,0016/12/2025010      10080,00  0,00          8030707174702         0000000000000000002025251236
0116/12/20250000100014140        60074884,2202170781   60074884,2216/12/2025010     485200,00  0,00          8033715847669         0000000000000000002025251237
0116/12/20250000100014142          589088,1202170781     589088,1216/12/2025010       9115,50  0,00          8030519887335         0000000000000000002025251238
0117/12/20250000100014145        12426000,0002170781   12426000,0017/12/2025010     248520,00  0,00          8030710807341         0000000000000000002025251239
0117/12/20250000100014146          229900,0002170781     229900,0017/12/2025010       4598,00  0,00          8030714671487         0000000000000000002025251240
0117/12/20250000100014147          962621,4102170781     962621,4117/12/2025010      11983,70  0,00          8030708351586         0000000000000000002025251241
0118/12/20250000100014150        33796000,0002170781   33796000,0018/12/2025010      86400,00  0,00          8030630226526         0000000000000000002025251242
0118/12/20250000100014149         3970924,7702170781    3970924,7718/12/2025010      20292,20  0,00          8030707579583         0000000000000000002025251243
0119/12/20250000100014164        38197600,0002170781   38197600,0019/12/2025010      88032,00  0,00          8030630226526         0000000000000000002025251244
0119/12/20250000100014160         2273554,5002170781    2273554,5019/12/2025010      25968,60  0,00          8030710138474         0000000000000000002025251245
0119/12/20250000100014163         3087798,5002170781    3087798,5019/12/2025010      61231,17  0,00          8030682100989         0000000000000000002025251246
0119/12/20250000100014157         9172285,6002170781    9172285,6019/12/2025010     167802,40  0,00          8030707121129         0000000000000000002025251247
0119/12/20250000100014159         6802840,0002170781    6802840,0019/12/2025010      48400,00  0,00          8020177874214         0000000000000000002025251248
0119/12/20250000100014162         2306186,5002170781    2306186,5019/12/2025010      11882,61  0,00          8030708694173         0000000000000000002025251249
0119/12/20250000100014156        37776000,0002170781   37776000,0019/12/2025010     755520,00  0,00          8030718555228         0000000000000000002025251250
0119/12/20250000100014161         3980536,4102170781    3980536,4119/12/2025010       9649,26  0,00          8030589864642         0000000000000000002025251251
0119/12/20250000100014155         4825819,9002170781    4825819,9019/12/2025010      17097,90  0,00          8030707579583         0000000000000000002025251252
0122/12/20250000100014172         1836500,0002170781    1836500,0022/12/2025010      19020,00  0,00          8030709276898         0000000000000000002025251253
0122/12/20250000100014169        67368114,2202170781   67368114,2222/12/2025010     197017,24  0,00          8030623456796         0000000000000000002025251254
0122/12/20250000100014170         1039828,3302170781    1039828,3322/12/2025010      20796,57  0,00          8030623456796         0000000000000000002025251255
0122/12/20250000100014173         2094124,2102170781    2094124,2122/12/2025010      41882,48  0,00          8033710389069         0000000000000000002025251256
0122/12/20250000100014171          334342,9402170781     334342,9422/12/2025010       5503,68  0,00          8030708210494         0000000000000000002025251257
0123/12/20250000100014174         2326554,5002170781    2326554,5023/12/2025010       1060,00  0,00          8030710138474         0000000000000000002025251258
0123/12/20250000100014183          801000,0002170781     801000,0023/12/2025010      16020,00  0,00          8030707681957         0000000000000000002025251259
0123/12/20250000100014176        10654519,6102170781   10654519,6123/12/2025010     117514,88  0,00          8030708335416         0000000000000000002025251260
0123/12/20250000100014182         4472080,8502170781    4472080,8523/12/2025010      27685,65  0,00          8030682100989         0000000000000000002025251261
0123/12/20250000100014178         1726652,5402170781    1726652,5423/12/2025010      29188,63  0,00          8030707492739         0000000000000000002025251262
0123/12/20250000100014179         7409964,2702170781    7409964,2723/12/2025010     103440,05  0,00          8030699653795         0000000000000000002025251263
0123/12/20250000100014184         3368465,1502170781    3368465,1523/12/2025010      48116,87  0,00          8030708351586         0000000000000000002025251264
0126/12/20250000100014191         8182840,0002170781    8182840,0026/12/2025010      27600,00  0,00          8020177874214         0000000000000000002025251265
0126/12/20250000100014189          900535,5402170781     900535,5426/12/2025010       6841,08  0,00          8020223090134         0000000000000000002025251266
0129/12/20250000100014208         2020700,0002170781    2020700,0029/12/2025010       3684,00  0,00          8030709276898         0000000000000000002025251267
0129/12/20250000100014205         1177057,7202170781    1177057,7229/12/2025010      23541,15  0,00          8030712127380         0000000000000000002025251268
0129/12/20250000100014203         5020567,7002170781    5020567,7029/12/2025010      53880,26  0,00          8030710138474         0000000000000000002025251269
0129/12/20250000100014213         1859000,0002170781    1859000,0029/12/2025010      21160,00  0,00          8030707681957         0000000000000000002025251270
0129/12/20250000100014212         4336164,9902170781    4336164,9929/12/2025010      65926,73  0,00          8030623456796         0000000000000000002025251271
0129/12/20250000100014204        14010665,6102170781   14010665,6129/12/2025010      67122,92  0,00          8030708335416         0000000000000000002025251272
0129/12/20250000100014200          322957,1902170781     322957,1929/12/2025010       6459,14  0,00          8030604075269         0000000000000000002025251273
0129/12/20250000100014207        29776000,0002170781   29776000,0029/12/2025010     595520,00  0,00          8030712449078         0000000000000000002025251274
0129/12/20250000100014198          245609,6102170781     245609,6129/12/2025010       4912,19  0,00          8030708450525         0000000000000000002025251275
0129/12/20250000100014199        11695914,3102170781   11695914,3129/12/2025010      85719,00  0,00          8030699653795         0000000000000000002025251276
0129/12/20250000100014201         3795206,8302170781    3795206,8329/12/2025010      29780,41  0,00          8030708694173         0000000000000000002025251277
0129/12/20250000100014210          378581,7802170781     378581,7829/12/2025010        884,78  0,00          8030708210494         0000000000000000002025251278
0129/12/20250000100014209         8514983,8302170781    8514983,8329/12/2025010      73783,28  0,00          8030707579583         0000000000000000002025251279
0130/12/20250000100014234           10096,1902170781      10096,1930/12/2025010        201,92  0,00          8030717195481         0000000000000000002025251280
0130/12/20250000100014215         4629000,0002170781    4629000,0030/12/2025010      37080,00  0,00          8030707174702         0000000000000000002025251281
0130/12/20250000100014239         4705000,0002170781    4705000,0030/12/2025010       1520,00  0,00          8030707174702         0000000000000000002025251282
0130/12/20250000100014235        59197600,0002170781   59197600,0030/12/2025010     420000,00  0,00          8030630226526         0000000000000000002025251283
0130/12/20250000100014214         4421545,8802170781    4421545,8830/12/2025010       1707,62  0,00          8030623456796         0000000000000000002025251284
